 1-7-2016 18 - slx01,1,2, 3,4,5,6,7,8
 1-7-2016 18 - slx01,1,2, 3,4,5,6,7,8
 1-7-2016 18 - slx01,1,2, 3,4,5,6,7,8
 1-7-2016 18 - slx01,1,2, 3,4,5,6,7,8
 1-7-2016 18 - slx01,1,2, 3,4,5,6,7,8
 1-7-2016 18 - slx01,1,2, 3,4,5,6,7,8
 1-7-2016 18 - slx01,1,2, 3,4,5,6,7,8
 1-7-2016 18 - slx01,1,2, 3,4,5,6,7,8
 1-7-2016 18 - slx01,1,2, 3,4,5,6,7,8
 1-7-2016 18 - slx01,1,2, 3,4,5,6,7,8
 1-7-2016 18 - slx01,1,2, 3,4,5,6,7,8
 1-7-2016 18 - slx01,1,2, 3,4,5,6,7,8
 1-7-2016 18 - slx01,1,2, 3,4,5,6,7,8
 1-7-2016 18 - slx01,1,2, 3,4,5,6,7,8
 1-7-2016 18 - slx01,1,2, 3,4,5,6,7,8
 1-7-2016 18 - slx01,1,2, 3,4,5,6,7,8
